                     CLIMATOLOGICAL SUMMARY for year 2020


NAME: Morehead City, NC                  
ELEV: 8 feet    LAT: 34-44.60 N    LONG: 076-43.23 W


                                       TEMPERATURE (F)

                              HEAT    COOL                              MAX    MAX    MIN    MIN
          MEAN   MEAN         DEG     DEG                                >=     <=     <=     <=
 YR  MO   MAX    MIN    MEAN  DAYS    DAYS      HI  DAY     LOW  DAY     90     32     32      0
------------------------------------------------------------------------------------------------
2020 01
2020 02
2020 03
2020 04
2020 05
2020 06   84.7   71.5   77.3    0.0  231.3    92.8   21    64.9   18      2      0      0      0
2020 07   91.4   76.6   83.3    0.0  567.6    95.2   04    71.1   02     23      0      0      0
2020 08   90.3   77.1   82.8    0.0  549.8    94.8   01    70.4   19     22      0      0      0
2020 09   85.4   71.2   77.3    2.3  371.7    97.3   04    50.0   23      7      0      0      0
2020 10   79.7   64.0   71.7    7.5  206.5    87.3   12    55.0   31      0      0      0      0
2020 11   71.9   51.8   61.3  160.8   50.8    80.6   07    34.0   19      0      0      0      0
2020 12   59.2   38.7   48.6  509.6    0.0    72.5   14    25.3   26      0      0      8      0
------------------------------------------------------------------------------------------------
          80.1   64.0   78.6  680.2 1977.7    97.3  Sep    25.3  Dec     54      0      8      0


                  PRECIPITATION (in)

                  MAX         ---DAYS OF RAIN---
                  OBS.               OVER
 YR  MO  TOTAL    DAY  DATE   0.01   0.10   1.00
------------------------------------------------
2020 01
2020 02
2020 03
2020 04
2020 05
2020 06   4.09   1.66    15      6      6      2
2020 07   1.59   0.45    02     11      6      0
2020 08   6.97   1.99    19     14      8      3
2020 09   6.69   1.70    17     14     11      3
2020 10   3.12   1.98    25      6      4      1
2020 11   8.09   3.24    30     10      7      2
2020 12   5.10   2.19    24     12      7      2
------------------------------------------------
         35.65   3.24   Nov     73     49     13


           WIND SPEED (mph)

                                DOM
 YR  MO    AVG     HI   DATE    DIR
-----------------------------------
2020 01
2020 02
2020 03
2020 04
2020 05
2020 06    6.0   35.8     16    220
2020 07    5.0   28.3     09    220
2020 08    4.0   36.0     04    217
2020 09    4.2   27.3     20     37
2020 10    3.7   23.7     30     37
2020 11    3.8   26.3     30     16
2020 12    3.6   35.0     24    277
-----------------------------------
           4.5   36.0    Aug    219
